20843009
21737420
21931188
22065852
22224419
22113897
22451989
22541026
22389221
22227543
22384568
22224416
22046410
22141850
21921043
22119381
22015799
22051714
22214540
22210529
22362871
22185388
22209624
22648294
22416526
22236824
22386526
22099946
22177181
22167288
22304374
22093564
22171023
22159826
22285559
22027501
22061927
21878830
22013429
22009890
21878644
21867271
21890298
21893433
22053845
22052209
22051097
22039438
21898401
21932461
21891944
21973976
22213834
22116787
21966503
21920972
22028135
22148842
22148885
22012953
21992221
21985949
22184552
21872216
21902795
22040714
21937323
21827690
22176115
21976640
22211627
22102792
22223181
22429708
22291568
22448294
22364319
22376362
22427459
22628868
22207892
22309072
22192445
22391709
22352846
22366308
22421152
22328332
22153156
22337926
22346019
22330000
22537993
22436682
22632471
22131255
22030634
21617565
21687429
21420493
20908882
20695112
20477945
20395795
20398472
20288683
20092231
19965332
19729521
19776485
19691349
19555868
19578622
19783000
19662834
19556514
19489611
19451124
19635434
19462131
19497245
19487649
19495220
19583490
19575028
19663726
19596881
19594111
19600780
19577379
19669225
19637313
19528390
19375095
19314914
19451582
19577743
19489813
19536516
19486113
19623404
19672365
19633943
19711425
19901424
19809066
19887530
19858701
20015802
19977196
20003134
19862399
19907686
19824445
20130243
20039269
19989016
19966240
19971986
19965390
19959573
20009546
19903257
19927255
19928134
19862675
19976399
20040929
20130036
19931933
19909910
19876789
19696769
19793862
19895754
19962214
19855113
19960187
19943306
19782735
19895891
19902056
20020521
20072628
20210161
19977641
19960176
19862608
19880454
19814058
19768661
19626486
19780519
19727135
19836063
19827652
19701889
19783483
19933628
19997704
19881549
19997863
19931968
19906051
19851590
19958838
19783446
19840741
19796325
19848651
19891655
19790255
19839995
19903323
19802278
19799153
19951690
19908822
19884785
19782205
19715921
19810304
19738412
19730047
19770817
19818626
19913508
19939606
19777512
20020083
19900616
19862485
19994112
20109499
20038311
19897344
19767431
20121103
19981359
20110887
20053389
20253216
19890875
19878913
20084826
20154351
19986805
19931848
20078369
20124386
19946016
20004558
19823049
19996437
19964951
19831038
19819230
19966303
19836352
19874407
19977566
20076359
19711242
19967952
19893324
19924643
19974511
19869564
19812273
19835901
19708060
19888164
19741663
19729690
19809380
19849412
19842851
19903453
19639096
19437506
19659665
19667093
19487627
19641510
19428482
19419112
19198746
19085606
18817891
18511407
18341307
18215429
18203815
18101314
17794585
17818336
17490873
17358730
17125663
16776761
16618220
16507415
16194712
16125676
15870495
15713951
15502732
15497621
15366714
15140072
15103593
14968395
14679950
14788433
14569217
14351650
14404341
14390545
14168307
14098317
13994350
13814663
13609399
13635154
13533607
13476181
13327921
13303941
13112813
13171719
13003961
12894111
12834306
12793932
12727609
12491867
12619519
12558126
12397812
12376907
12306925
12381419
12200154
12173119
12506824
12469131
12334254
12292965
20664235
21650419
21801656
21896251
21981247
22013598
21949653
22169033
21825309
21963431
21992114
21912426
22099095
22026803
22026268
22138636
22158209
22167709
22073580
21956486
22013045
21905498
22055398
22038072
21946190
22167143
21912047
21863189
21765240
21916984
21804968
21873944
21940844
21704768
21590325
21646838
21826129
21909773
21669512
21779576
21741787
21734167
21469027
21618274
21688531
21693823
21636898
21643785
21668985
21601323
21588833
21712978
21670595
21837784
21908975
21926349
21889562
21936435
21983612
21716093
21896345
21811277
21820213
21855152
21912547
21954375
21699776
21811040
21837581
21835856
21932131
21692540
21970603
21857902
21998359
21968873
22085455
21905324
21890966
22048928
21875564
21736770
21970073
21758008
21884746
21820550
21594370
21811413
21864522
21740676
21886526
21837247
21849824
21759177
21702879
21650975
21595583
21626090
21662212
21747549
21862976
21949212
21777371
21961118
21932361
21880704
21852649
21941286
21798668
21991051
21888603
21662720
21907067
21635939
21730909
21708148
21799695
21806526
21831515
21703154
21710991
21668435
21842356
21599859
21757770
21754684
21827039
21786507
21783796
21791772
21758019
21702037
21489438
21270559
21306759
21120931
20955800
20697309
20638380
20535967
20391498
20325357
20184310
20112935
19898364
19960199
19829760
19620756
19643789
19503014
19557051
19539876
19568933
19583578
19665766
19712677
19601838
19596806
19613648
19584002
19678525
19590629
19507817
19576663
19614850
19542810
19601412
19577643
19569538
19634174
19627975
19617976
19709122
19635998
19717493
19772726
19567353
19566510
19609809
19583960
19717792
19731621
19837325
19849356
19717628
19729286
19725595
19599808
19567647
19693578
19740847
19645669
19677296
19764840
19573116
19828792
19778293
19735807
19783559
19747050
19761757
19794112
19573415
19768197
19676294
19789078
19800711
19708847
19685647
19773830
19811389
19545361
19621163
19615001
19623899
19684654
19650684
19683192
19864036
19668915
19659009
19654485
19750864
19666976
19638562
19719575
19832584
19667198
19624077
19628307
19800346
19666499
19678325
19621002
19676020
19744427
19615955
19852748
19464820
19648861
19718773
19722235
19566308
19645568
19630953
19776410
19815287
19614246
19682492
19682999
19797900
19696700
19721179
19581001
19685703
19692190
19599016
19543898
19569126
19502380
19578575
19489129
19667054
19661680
19579671
19695151
19735065
19517331
19705852
19732544
19689459
19571756
19541428
19630760
19896284
19730336
19648788
19794041
19721458
19752130
19836846
19792888
19682739
19755071
19672287
19791681
19627752
19755103
19754091
19791321
19667943
19738627
19723818
19794936
19658914
19656386
19692008
19779400
19634112
19818640
19586027
19619014
19690108
19774500
19776955
19685019
19835535
19881551
19835375
19608738
19892972
19840509
19861285
19927617
19813894
19728969
19778548
19736057
19635263
19584807
19683645
19593362
19543641
19618908
19541309
19346626
19157842
19079883
18930928
18659122
18450751
18330789
18258345
17887433
17912000
17562523
17464185
17178155
17080652
16884446
16587835
16399876
16153032
15896471
15722377
15632366
15392782
15345238
15074243
14944375
14797580
14632528
14571671
14399185
14304918
14240156
14106049
14089059
13981713
13822842
13698549
13730850
13764718
13660891
13618861
13421407
13472989
13236106
13066896
13039831
13042981
12851070
12777215
12642194
12679970
12566089
12277250
12275758
12432293
12320697
12279750
12278805
12301847
12243393
12076693
12292612
12276312
12012194
22149230
22081994
21922225
22133777
22185043
22004885
22158403
22260600
22134873
22289984
22125741
22279750
22109911
22079476
22061371
22309560
22122261
22295136
22155686
22443991
22230674
22259378
22205063
22334300
22243308
22130308
22043128
22252923
22133622
22108608
22089324
22162208
22144615
22008868
22014056
21686421
21927814
21934661
21885998
21613195
21982427
21770746
21921854
21676583
22047812
21941730
21890676
21902587
22067215
21685650
22057028
21981422
22103901
21962387
21974602
21861540
22162388
21802918
22191645
22000447
22194462
22061132
21894951
21916138
22043463
21926729
22038898
22062055
21950550
21861534
21965610
21966800
22014452
21874109
22215945
22192815
22188851
22147973
22161849
22126720
21932607
22041559
21887643
22075137
21951161
21899559
21935894
22138204
21839566
22021451
21943703
22199136
21775974
22030318
21846176
22085234
21890642
21926518
21965414
21848279
21953726
21889085
22081126
21923300
21778321
21849101
22086652
22010483
22101986
22142502
21882436
21915412
22155175
22098148
22120412
21864484
22037273
22082612
22047164
21916876
21916672
21901717
21909712
21960772
21936615
22004259
22160067
22018612
22007783
22079231
22048051
22077494
22049835
21917872
21956591
21874281
21838476
21866056
21957397
21963635
22022899
21946587
21966035
21982092
21828656
21921800
21976254
22131339
21787088
21896165
21789295
21655012
21239112
21189384
21108844
20974470
20661893
20611329
20565437
20384682
20266369
20128629
19979309
19916811
19777925
19692071
19471699
19548746
19591229
19626902
19633537
19647752
19668918
19695971
19707566
19605666
19688622
19693617
19633538
19531973
19572889
19557746
19691404
19480668
19534463
19488297
19485068
19428673
19408058
19382393
19357321
19476211
19407112
19495967
19468157
19311142
19380895
19406123
19405081
19553917
19534824
19537737
19606654
19603146
19609291
19483692
19660369
19618520
19693860
19662486
19653650
19648335
19803340
19739129
19709722
19736317
19669774
19673882
19553468
19759760
19631971
19641820
19625869
19734038
19788699
19823852
19781788
19731083
19716101
19868519
19745616
19820620
19808085
19793231
19661570
19775152
19677302
19800899
19589600
19709610
19693181
19731572
19589010
19681346
19738780
19700709
19612412
19594215
19704044
19787531
19699882
19724526
19604079
19674178
19669527
19873759
19805336
19576571
19581580
19622190
19613658
19737132
19710329
19732484
19858890
19786022
19734916
19581304
19797667
19766729
19747337
19838687
19856897
19926443
19955959
19767670
19926205
19725636
19899217
19920333
19879301
19594495
19718557
19765446
19944843
19856846
19767901
19873696
19853789
19972310
19797035
19887407
19966184
20041491
20016218
19904274
19923602
19821213
19903022
19808321
19755942
19742742
19789668
19590213
19564270
19540794
19660437
19629363
19568573
19292220
19093123
19004972
18600553
18562117
18257754
18091511
17731473
17628966
17296386
16996344
16997889
16855044
16633122
16363247
16312017
16201384
15902873
15764057
15700007
15549966
15327640
15295773
15209573
15004842
14794379
14648674
14460444
14360275
14342593
14235114
14223611
14005174
13931959
13929589
13655940
13510864
13541343
13503532
13271298
13214254
13205609
12946092
12942170
12763630
12674110
12492076
12470380
12250753
12232663
12108135
12061478
11972756
11919366
11893089
11889163
11942271
11830188
11989994
11986760
11954999
12179270
12216078
