5319146
5377087
7223426
7222631
7205987
7211408
7211455
7162009
7148399
7148650
7190101
7212907
7232526
7242162
7246151
7247832
7190963
7187278
7147731
7137720
7164351
7177373
7180640
7191582
7194581
7214776
7163017
7121920
7063845
7106773
7092935
7133530
7106999
7097326
7112566
7058953
7065590
7069173
7040494
6979041
6979302
6906446
6917298
6956660
6911962
6862024
1679045
1667352
1678240
1703975
1698613
1696315
1700774
1699296
1696023
1711825
1703934
1743144
1757820
1761204
1769245
1773470
1821785
1811018
1871394
1874745
1927625
1958700
2015963
2051057
2149071
6795470
2256036
2325678
2367998
2470949
2513546
6575006
6588652
6462592
6469031
6521754
6518013
3033771
6388566
6392300
6403855
3308533
6427024
6421573
6432187
6447718
6407527
6459758
6482331
6485285
6387580
6354006
6351300
6314923
6381053
6369985
6404097
6409433
6419177
6421652
6414021
6413023
6432361
6413846
6405801
6374428
6344404
6333169
6320463
6320909
6325050
6317134
6307816
6306453
6312620
6302180
6302805
6301155
6312601
6340295
6365373
6368273
6326820
6317886
6320358
6314103
6289877
6277411
6262161
6241143
6290385
6270783
6269740
6260682
6267492
6294598
6337022
6429460
6479923
6693875
6419310
6407149
6414289
6417737
6380083
6317625
6306098
6321172
6319955
6327678
6328924
6323092
6325903
6321937
6315684
6318415
6321275
6318211
6332743
6341497
6303444
6297694
6259758
6284338
6285985
6208737
6169834
6139051
6105348
6211806
6191059
6192178
6158172
6152764
6154451
6199908
6221494
6189581
6186821
6147999
6111761
6097568
6078889
6064617
6119997
6025412
6014218
5973185
5984985
5984573
5971788
5988620
5958184
5960939
1819582
5963045
1905274
5975121
5932484
5899512
5915570
5903436
5902805
5912425
5905137
5893575
5893870
5846372
5863728
5883123
5866310
5873755
5846440
5794905
5795027
5828830
5871950
5893016
5864031
5868086
5879121
5809337
5787963
5793092
5761825
5780886
5769904
5786091
5800544
5796090
5660448
5682624
5695181
5708969
5742635
5695541
5697911
5686506
5690321
5666282
5681149
5676323
5710182
5720107
5724304
5673741
5698021
5682502
5716166
5742884
5671073
5659089
5746967
5734249
5737863
5733018
5701861
5697392
5678170
5670438
5694547
5694834
5645856
5644589
5656175
5636256
5639014
5697600
5672935
5691538
5738247
5781938
5757063
5754505
5793740
5879830
5874081
5879472
5874485
5863867
5891736
5845260
5900233
5903824
6017524
6083203
10717375
10621964
6289179
6305124
6312698
6302657
6274182
6267622
6273886
6243729
6219644
6132238
6115562
6139671
6179870
6142506
6116483
6064709
6041813
5999386
6012979
6002637
6042880
6040359
6036104
5998740
6064752
6069340
5988021
5998786
6040696
6046521
6058443
6047690
6017236
5955375
5946757
5969950
1389107
5916236
1441082
1445788
1473334
1468170
1453657
5967936
5982622
5982515
5950181
5902888
5893016
5905203
5893037
1790268
5792576
5834276
5799249
5781257
5783912
5753226
5745484
5760410
5761143
5736497
5743499
5774171
5781592
5699949
5697617
5744557
5694028
5667186
5651414
5653908
5692891
5694693
5612066
5639397
5649772
5659938
5657037
5656181
5656894
5660375
5669001
5656623
5648133
5652161
5672182
5675915
5679974
5669723
5664293
5649123
5657034
5642579
5648390
5641975
5648693
5637865
5613139
5607325
5636575
5655247
5684392
5685282
5681026
2624302
5674970
5678988
5682339
5693891
5681756
5680565
5682482
5682884
5624940
5633240
5659363
5668776
5704240
5695688
5694937
5695809
5666764
5681985
5642237
5626783
5638328
5642704
5637740
5656038
5655197
5700043
5707924
5757358
5713302
5757039
5858457
5902481
10314225
5808398
5813593
5784075
5785205
2431436
2376135
5713409
5716188
5666988
5680880
5659525
5624843
5567837
5620638
5616261
5621459
5577199
5531968
5534008
5545116
5543799
5550441
5540488
5541405
5551503
5569959
5560353
5553537
5543507
5542772
5529833
5527796
2133785
5590933
5574328
5570993
5520464
5526825
5514977
5522794
5524623
5532663
5518881
5519921
5531187
2056562
5503785
5510417
5505014
1957846
5549829
1969168
5550473
5562778
5521503
5513159
5547512
5546297
5538657
5545752
5548483
5550894
5547659
5470584
5420439
5429953
5474806
5469469
5507355
5477472
5463833
5462560
5482798
5508426
5490883
5499936
5526366
5560032
5512801
5511415
5500301
5516662
5515978
5509650
5557464
5583253
5575319
5631632
5604135
5593930
5590413
5572790
5611729
5615735
5585511
5584820
5608883
5592664
5593576
5591200
5591027
5651221
5638298
5644507
5643914
5668381
5658479
5667256
5675019
5670688
5711169
5681201
5683887
5682859
5729815
5764985
5752483
5790637
5802556
5793189
5778101
5777629
5830360
5794925
5751705
5721131
5692890
5713469
5684587
5687289
5745571
5744047
5732769
5713642
5696032
5637104
5610591
5505502
5595314
5557819
5557283
5570389
5552543
5510867
5512951
5517330
5540709
5534759
5513663
5474634
5436726
5492077
5530666
5438677
5475760
5486795
5427738
5447215
5457707
5456683
5437844
5452572
5445209
5436436
5443000
5442043
5441636
5418160
5433584
5422204
5431050
5403934
5413078
5451437
5463055
5396339
5420109
5410892
5419234
5395712
5399230
5379413
5413597
5433813
5446792
5390007
5483296
5462077
5467793
5556594
5493524
5534421
5490087
5530906
5532462
5463768
5469330
5475596
5495892
5488829
5491175
5484003
5488481
5530364
5489428
5476838
5518669
5494681
5536017
5517056
5510649
5551772
5543971
5547972
5599877
5599333
5597672
5607193
5618016
5597387
5669116
5671596
5694441
5684826
5730455
5740456
5755527
5759736
5751335
5738827
5786901
5800470
5802892
5804505
5788065
5821427
5799297
5809865
5798574
5857228
5849941
5860389
5856600
5858569
5840991
5864529
5958116
5895251
5934099
6003614
5976527
5940059
6005714
6005504
5987660
6000004
5991896
5983025
5956277
5996370
6006684
6001344
6002549
6037714
9929401
11772948
6220765
6310022
6287814
6292178
6246806
6150084
6140630
6195652
6143352
6108262
6117772
6111901
6123040
6115857
6117180
6160378
6166148
6165731
6151455
6188849
6141106
6195250
6190258
6142167
6142639
6140100
6174170
6188647
6130572
6191725
6188915
6204047
6204148
6256680
6237033
6234431
6181349
6234500
6228314
6243171
6223452
6217680
6246835
6243025
6216899
6207122
6212746
6200984
6189206
6168275
6173295
6182870
6245625
6211858
6243704
6259297
6218913
6217108
6203481
6306034
6337236
6322080
6320506
6316140
6277439
6318674
6284557
6337229
6330422
6329907
6320070
6414436
6312677
6321893
6317658
6364380
2567609
2511006
2498204
2474137
6493113
6501999
6491638
6474742
6482143
6440791
6515195
6498803
6463213
6470157
6508614
6545099
6495565
6488159
6494763
6599626
6616485
6620706
6661468
6678527
6661766
6663560
6694133
6685961
6732253
6716804
6673204
6701470
6732192
6739428
6716666
6750451
6756291
6795541
6759931
6796865
6835936
6837772
6866729
6867266
6832710
6878765
6917098
6921709
6915900
6959541
6992588
7008115
7005264
6962662
6973455
6954336
7020343
6942115
6949882
7050295
7230330
7215302
7214069
7181153
7183887
4732011
4644846
2398347
2261274
1446988
1310669
604327
602748
1001773
3363887
3290005
3113411
3322208
3431763
3499091
