0
0
0
0
0
0
0
0
0
0
0
0
0
0
0
0
0
0
0
0
0
0
0
0
0
0
0
0
0
0
0
0
0
0
0
0
0
0
0
0
0
0
0
0
0
0
0
0
0
0
0
0
0
0
0
0
0
0
0
0
0
0
0
0
0
0
0
0
0
0
0
0
0
0
0
0
0
0
0
0
0
0
0
0
0
0
0
0
0
0
0
0
0
0
0
0
0
0
0
0
0
0
0
0
0
0
0
0
0
0
0
0
0
0
0
0
0
0
0
0
0
0
0
0
0
0
0
0
0
0
0
0
0
0
0
0
0
0
0
0
0
0
0
0
0
0
0
0
0
0
0
0
0
0
0
0
0
0
0
0
0
0
0
0
0
0
0
0
0
0
0
0
0
0
0
0
0
0
0
0
0
0
0
0
0
0
0
0
0
0
0
0
0
0
0
0
0
3454968
3630619
3741957
3789890
4010466
4172802
4299728
4342781
4327428
4340303
4307717
4298646
4279608
4279662
4242258
4251366
4242947
4235453
4230320
4327407
4419415
4436702
4480772
4454454
4488993
4505048
4530523
4556192
4639806
4751729
4791487
4815584
4849638
4887874
4970291
5028435
5048051
5145360
5245893
5315965
0
0
0
5499219
5600390
5634300
5735250
5910047
6029760
6041377
6148553
6185871
6274308
6226682
6337893
6256689
6392515
6423446
6450103
6554381
6526586
6619932
6623111
6659108
6633691
6673991
6685633
6627007
6664199
6683592
6644241
6714930
6659948
6693875
6748905
6731065
6724291
6830264
6741326
6732974
6748964
6766600
6780998
6772952
6806172
6769765
6721747
6784638
6822544
6762753
6741559
6789244
6846965
6786381
6828735
6861330
6880935
6870939
6857667
6870427
6872528
6853120
6844969
6864550
6823304
6847159
6901778
6986452
6960235
6893466
6973033
6930792
6934003
6929666
6888253
6916063
6967905
6956460
7004219
6976239
7005962
6980218
6987847
6983841
7045881
6996158
6924006
7071171
7093884
7042901
7069094
7089931
7075509
7041619
7093120
7091652
7129741
7109388
7056595
7107817
7157841
7130468
7075135
7117379
7171872
7157729
7158294
7128251
7186667
7208666
7271885
7248447
7210614
7201234
7171460
7227012
7266470
7275907
7266600
0
7301926
7253678
7224327
7267644
7333855
7303676
7239578
7327940
7278677
7279481
7290998
7238452
7222193
7208819
7227279
7250784
7209471
7262485
7393571
7348348
7346255
7350307
7349010
7319450
7355038
7330937
7382054
7387100
7311612
7287187
7349387
7359552
7347000
7276693
7324333
7326776
7313717
7317444
7306440
7298839
7298702
7311058
7300845
7306204
7255276
7264305
7261003
7246745
7302747
7293442
7278343
7308872
7293094
7252496
7274663
7265526
7292055
7235620
7249242
7268981
7294328
7309099
7226357
7240014
7287973
7216514
7259651
7234737
7332533
7187663
7266122
7274588
7311311
7207726
7247442
7243839
7264397
7265393
7244538
7310057
7298228
7193316
7256331
7242563
7214354
7200073
7200291
7145600
7183016
7210048
7214117
7197467
7230683
7223377
7203387
7280819
7213496
7129629
7136655
7175035
7152931
7192089
7153616
7156706
7176108
7160844
7139217
7157499
7174415
7166442
7195401
7191439
7214320
7179325
7119440
7127846
7154790
7134707
7129445
7199693
7196905
7223655
7156569
7163677
7134116
7115886
7071921
7112981
7123033
7134036
7117293
7173902
7194071
7179920
7142574
7125285
7151680
7115454
7097338
7039832
7088394
7077077
7076064
7170491
7220639
7193212
7180552
7180667
7169407
7175076
7177041
7168786
7159876
7124246
7155612
7172845
7176833
7219969
7220902
7207892
7161087
7171724
7174012
7178884
7173816
7163593
7169306
7164830
7181259
7179819
7160101
7177148
7176278
7175773
7204757
7207273
7201019
7212047
7143748
7176065
7201625
7251377
7224762
7234304
7231923
7218810
7257063
0
0
0
0
0
0
0
0
0
7236270
7228138
0
7251556
7242144
7243613
7233430
7233141
7225247
7249998
7241252
7225705
7244985
7292892
7290017
7215849
7228320
7233933
7270527
7272326
7219869
7206014
7172577
7169024
7202086
7219696
7216258
7161705
7166414
7191047
7191542
7182120
7235462
7222076
7225032
7243354
7210267
7229196
7211185
7211035
7195428
7188730
7182012
7177852
7218529
7228597
7229701
7224981
7224431
7239789
7234788
7184468
7208089
7214836
7174639
7119131
7124466
7114012
7179209
7190525
7171843
7178265
7184268
7165347
7166276
7172832
7186248
7180130
7164848
7169719
7167611
7173184
7261217
7257352
7266039
7264021
7253781
7244185
7242597
7259212
7260313
7282257
7239206
7243178
7259851
7228012
7223516
7222847
7215801
7218956
7257817
7268120
7242375
7235265
7302931
7243680
7286736
7244696
7239987
7253802
7224946
7246033
7236627
7243762
7239266
7239258
7223026
7230173
7238222
0
0
0
0
0
0
0
0
0
0
0
0
0
0
0
0
0
0
0
0
0
0
0
0
0
0
0
0
0
0
1323492
1419347
1491875
1578123
1616587
1647237
0
0
0
0
0
0
0
0
0
0
0
0
0
0
0
0
0
0
0
0
0
0
0
0
0
0
0
2185655
0
0
0
0
0
2577684
2655116
2724881
2771413
2861185
2904086
0
3103947
3109328
3185247
0
3327946
3401596
3481146
3514196
3602164
3663592
3639122
3690109
3609931
3636346
3672217
3653309
3669251
3649393
3657620
3683302
3732236
3726291
3693189
3663275
3710305
3731712
3699938
3708210
3703691
3684911
3722235
3764978
3772965
3762257
3775457
3728938
3750993
3792729
3801010
3799402
3757505
3771372
3826024
3830335
3841074
3812069
3872366
3868926
3857860
3931003
3920446
3899937
3954764
3910929
3970819
3967293
3995974
3954735
4029067
4075307
4187817
4181126
12358767
12379731
12320026
12084514
12072364
11937091
11900427
11632834
11621820
11616604
11602923
11648834
11665777
11696990
11748722
11594528
11627485
11571207
11621227
11491701
11397897
11286511
11224110
11113767
10917422
10834015
10902097
10863695
10849430
10841048
10822629
10780570
10688764
10559725
10342657
10336654
10267593
10105044
9999789
9895080
9853931
9820438
9791049
9712405
9690445
9638057
9604207
9597721
9475112
9332567
9325045
9270853
9043678
9091276
8991075
8995205
8982534
8978280
8961799
8850306
8757149
8796884
8772548
8742928
8707987
8541418
8513798
8417169
8336398
8274402
8208239
8215939
8175005
8173569
8079834
8107675
8069132
8071490
8069065
8095005
8069017
8033056
7952193
7903331
7865209
7885817
7807189
7724563
7783424
7682530
7697218
7684842
7612798
7499184
7529367
7433270
7386481
7353278
7356737
7338258
7415028
7346679
7261737
7183950
7120089
7010713
7080210
7085043
7137947
7145019
7149253
7194233
7163973
7170543
7183411
7151651
7122308
7106015
7073043
6964970
6916778
6858636
6879188
6879884
6872235
6837476
6876618
6869854
6821447
6756920
6773601
6803058
6767905
6737447
6800015
6752190
6746397
6610101
6576098
6591540
6674864
6653019
6649837
6663382
6620226
6567643
6577573
6536331
6597894
6531842
6521097
6539756
6511737
6454389
6514902
6486855
6453490
6467626
6428569
6480276
6488005
6421348
6419199
6364602
6390730
6378868
6415767
6448737
6461749
6419341
6407618
6397152
6395404
6367642
6327560
6361163
6401314
6323623
6329954
6342354
6345922
6313659
6362205
6370060
6337464
6350261
6349268
6336754
6310835
6255966
6335031
6368289
6372895
6338663
6397444
6375052
6345962
6430450
6402622
6400606
6461501
6396643
6398905
6401038
6402362
6392929
6389310
6387982
6405073
6397363
6376447
6376678
6382690
6397316
6393793
6385387
6385310
6381915
6384538
6387262
6394233
6378723
6376810
6453191
6459803
6413566
6416795
6361012
6365819
6340168
6348384
6341003
6348071
6356101
6343599
6359953
6371241
6373464
6387908
6385999
6387670
6462142
6360504
6371879
6376898
6394782
6306964
6310463
6335003
6367564
6361988
6367335
6328709
6363416
6340463
6345695
6348647
6384450
6395521
6389963
6405257
6396357
6382039
6338847
6462281
6399201
6398450
6401775
6439994
6434059
6435543
6430001
6428715
6426582
6425075
6434879
6442016
6438353
6417617
6424552
6404771
6433647
6433523
6452537
6476057
6419056
6426084
6368896
6380946
6373678
6377224
6369087
6418335
6423951
6416152
6416680
0
0
0
0
0
0
0
0
0
0
0
0
0
0
0
0
0
0
0
0
0
0
0
0
0
0
0
0
0
0
0
0
0
0
0
1102947
1173632
1208237
1249133
1306214
1332071
1440755
1482867
1542674
1611333
1638023
1691127
1726787
1703863
1716496
1714632
1738617
1763543
1810020
0
1875192
0
1937905
1947184
2003163
2052795
2071774
2096436
2178959
2210634
2257939
2316423
2332887
2366684
2371261
2306321
2383612
2372408
2358952
2315944
2378797
2397655
2388266
2449782
2420683
2431556
2398414
2419991
2442752
2414757
2428134
2479005
2494401
2477864
2468175
2453088
2470446
2448320
2429154
2463385
2449538
2487802
2498152
2479480
2479764
2493620
2535183
2514855
2515531
2542601
2507864
2515385
2544209
2523336
2525871
2523667
2525317
2545916
2537749
2521578
2511021
2503476
2523791
2551501
2553079
2523117
2499544
2495104
2525140
2513867
2539710
2506452
2560559
2531364
2560072
2532360
2544473
2555800
2605644
2631379
2650674
2697204
2644735
2688698
2725970
2729304
2756252
2802962
2832215
2816902
2972617
11044618
10982590
10936499
10935355
10861729
10842399
10782545
10751770
0
0
10687373
10667318
10704949
10714315
10647874
10652310
10615215
10584007
10563705
10645846
10643393
10644417
10593776
10515327
10424304
10318088
10190987
10058484
9999124
9846131
9737642
9599992
9454657
9332409
9174658
8976612
8836364
8759381
8594318
8442218
8362615
8239077
8205191
8038057
7985737
7924380
7855616
7780237
7734354
7613706
7556345
7494857
7474499
7462941
7380718
7350510
7346655
7301786
7245626
7237694
7229709
7172792
7181958
7192237
7141581
7121724
7093765
7129314
7107579
7103103
7107447
7125760
7170031
7194332
7190622
7171398
7136762
7132576
7130194
7116954
7067058
6985602
7013607
6942124
6905717
6808764
6754486
6723566
6747364
6694753
6624576
6673691
6629708
6590543
6512611
6483153
6491865
6391784
6410635
6470042
6463329
6418189
6368375
6361644
6430147
6381765
6402340
6417365
6400542
6411857
6378153
6328508
6397645
6367646
6421637
6418906
6413081
6466049
6452092
6441527
6452080
6456401
6445061
6455270
6461822
6472368
6467137
6456659
6455595
6445153
6450031
6448055
6464442
6444007
6505445
6504130
6426016
6420110
6429819
6428304
6430712
6408087
6416411
6421264
6470234
6414493
6431172
6424053
6434837
6436426
6445496
6453729
6539588
6463457
6474270
6422397
6459580
6423677
6408423
6372669
6482939
6492180
6500241
6510480
6495853
6489478
6522485
6482149
6497108
6552839
6490650
6539301
6567491
6527140
6550944
6557322
6560683
6524520
6546401
6492686
6523742
6525134
6524049
6491515
6517409
6462982
6450121
6443548
6451579
6421777
6440811
6484518
6452868
6466302
6499637
6461985
6452460
6435874
6441385
6448697
6454643
6422083
6411066
6413467
6475156
6395291
6389112
6389488
6456120
6445776
6429095
6395572
6408853
6333363
6334866
6349092
6365302
6354231
6372266
6358664
6388430
6310572
6355988
6378057
6417839
6442884
6470891
6552956
6590627
6552037
6636662
6737412
6759565
6770370
6718181
6681066
6660082
6565345
6536659
6449643
6476035
6463661
6457351
6459192
6465821
6484116
6481337
6455677
6457138
6407369
6396479
6366281
6375525
6318500
6322166
6276515
6293858
6291336
6400771
6452200
6426484
6452537
6428728
6433996
6429309
6491837
6479162
6437741
6437148
6380328
6390615
6413244
6418595
6432717
6431759
6431220
6437194
6439745
6433061
6401278
6399115
6408150
6342730
6343158
6339122
6339387
6346367
6342532
6299268
6300341
6308454
6297042
6292700
6295967
6304174
6288475
6280803
6277760
6292482
6389549
6390114
6372270
6322085
6366757
6372843
6333029
6289830
6286973
6287194
6280302
6294927
6295180
6239943
6229496
6242418
6219615
6248909
6253791
6260062
6275765
6271774
6315938
6263563
6311186
6286743
6344557
6344476
6396884
6347480
6357477
6345022
6349006
6343098
6349787
6281309
6283782
6281727
6279790
6280622
6275608
6322621
6324975
6337686
6336998
6347920
6343079
6304283
6358936
6347202
6350565
6303170
6293841
6288256
6291813
6301909
6296288
6295339
6301028
6295865
6302834
6314614
6310715
6292056
6298731
0
0
0
0
0
0
0
0
0
0
0
0
0
0
0
0
0
888259
955009
973872
1005327
1034256
1051867
1107559
1146570
1173973
1227630
1233458
1253996
1262062
1280437
1319130
1358564
1364390
1349556
1382754
1399976
1364155
0
1428794
0
0
0
0
0
1489673
1475965
1544689
1553379
1593779
1640335
1699773
1743390
1794687
0
1881153
1965518
1959860
1966357
2039727
2003883
2048852
2047687
2065464
2096108
2106692
2121776
2150902
2129439
2142835
2156394
2161009
2169177
2230810
2221644
2215270
2220656
2264765
2263598
2313478
2359167
2371909
2385341
2391686
2391147
2420923
2443307
2416266
2408888
2399295
2377683
2403346
2400086
2421973
2476201
2447099
2459487
2479827
2497180
2468618
2537359
2557598
2535451
2543618
2588561
2582761
2591705
2601319
2600003
2631096
0
2598641
2585681
2592672
2638495
2645903
2640289
2659333
2592529
2639944
2644436
2661006
2647087
2726446
2710150
2705481
2691741
2706277
2689566
2718529
2699427
2723013
2720751
2744005
2739774
2776409
2800912
2780886
2840215
2820334
2859125
2934287
2940442
2950067
11400341
11368074
11216038
11177809
11121987
11025434
10984397
10784238
10759606
10592548
10512579
10424810
10220112
10107882
10074700
10057371
10066637
9976872
9971058
9932792
9915005
9906243
9850342
9856685
9835980
9811115
9787160
9749675
9628350
9596920
9501283
9519060
9461366
9350730
9261549
9202000
9068850
8928912
8849069
8768040
8755201
8622684
8564433
8453680
8422366
8418355
8339559
8231096
8151548
8029006
7997908
7931920
7826602
7742825
7638467
7561824
7490697
7463226
7444736
7447272
7416823
7381130
7354229
7300623
7271487
7269742
7236029
7297641
7270460
7233502
7201179
7171892
7110832
7111929
7098325
7090510
7083189
7018875
7021384
6926794
6923140
6792423
6757265
6769435
6764933
6753614
6726786
6693911
6656054
6678867
6629989
6625923
6612598
6614202
6620436
6587692
6604704
6543629
6573539
6516290
6469752
6463211
6466485
6473632
6476974
6470248
6461707
6457062
6459022
6415709
6421598
6421918
6422555
6413521
6408688
6420744
6414653
6396134
6385386
6389792
6404894
6420076
6412862
6420327
6423453
6511393
6472352
6468723
6488388
6485292
6476878
6479492
6485702
6469750
6463135
6483321
6429434
6425484
6430936
6426846
6486170
6497534
6489970
6491130
6489289
6482477
6491161
6492117
6501283
6506218
6483976
6468352
6426460
6429654
6437417
6407659
6431930
6370887
6292981
6314243
6258168
6238878
6240234
6203014
6156261
6151706
6139260
6129273
6157645
6126081
6100278
6141135
6152304
6166978
6153929
6134617
6151201
6133770
6147211
6151668
6109558
6104610
6098587
6105553
6115698
6093893
6091776
6090376
6104995
6093367
6106902
6098632
6086660
6083948
6032469
6062672
6074655
6045955
6048430
5987123
6004625
5986207
6022395
6020196
6037172
5979614
5967900
5965859
6004450
6005227
6040373
5992749
5996939
6026146
6045697
6078441
6095896
6101584
6154324
6145611
6199249
6243899
6198160
6207715
6215823
6160800
6157578
6159270
6163393
6151361
6161250
6162785
6175076
6157798
6108353
6124469
6128412
6107990
6104480
6050288
6053067
6043384
6052598
6094867
6102672
6085273
6086437
6090793
6091245
6079402
5994648
5991824
5986600
5982984
5990704
6023827
6017861
6025010
6028625
6021612
6031759
6024157
6022261
6025233
6016948
6011214
6014412
6000844
6011693
6031438
6032785
6073046
6073210
6074397
6080915
6060081
6067420
6067371
6072090
6074472
6080525
6086693
6085588
6074519
6085800
6086893
6096546
6095692
6103228
6104814
6106556
6120721
6073175
6060146
6076801
6075725
6074959
6074681
6070965
6063236
6066818
6062003
6074474
6054003
6049481
6048098
6056161
6047247
6044169
6037662
6031776
6007895
6006257
6005367
6006581
5999932
6017109
5982788
5999194
6001718
5980642
6030247
6023952
6038128
6007575
6012807
6003114
6044961
6049956
6057509
6017019
6071174
6071814
6066970
6075883
6071295
6064592
6072209
6082082
6075667
6024278
6027654
6035179
6038150
6031070
6016933
6063183
6047565
6034018
6029652
6033553
6029236
6032556
6029291
6051804
6046192
6043240
6046406
6043056
6040779
6050139
6056916
6059128
6036004
6036469
6071774
6077128
6077814
6082614
6088998
6080670
6088454
6088901
6088125
6081696
6084733
6086197
6087032
6091025
6101181
6099036
6099764
6099277
6133603
6131928
6133224
6127902
6133726
6137009
6136244
6139992
6131936
6130420
6129543
6122366
6116083
6115239
6120576
6133841
6132189
6118424
6121674
6120943
6128230
6192751
6180826
6129830
6141662
6110613
6096711
6106748
6137043
6139316
6149031
6130109
6108434
6119112
6111137
6108544
6111443
6113580
6116362
6130075
6136850
6133386
6128479
6129031
6126817
6131442
6135947
6133170
6118022
6121946
6121712
6119617
6107868
6095508
6096881
6111956
6106197
6109321
6110428
6111509
6111337
6117632
6114137
6118539
6111896
6118419
6120678
6119931
6081219
6108623
6069067
6104562
6100177
6093310
6096973
6098305
6061380
6104171
6115261
6124560
6114180
6118063
6117846
6113526
6112902
6110299
6109388
6110618
6100458
6114447
6108549
6114566
6108700
6109180
6113550
6122170
6119804
6122058
6122341
6125013
6121444
6103324
6099607
6099218
6098433
6098894
6097158
6093799
6035193
6050584
6088175
6106969
6077768
6097669
6072121
6124232
6114996
6148557
6127773
6117861
6152095
6150774
6192636
6216488
6219694
6176500
6141711
6185451
6239976
6272324
6216375
6207961
6214987
6262823
6240552
6204453
6235943
6290975
6276529
6329045
6354415
6393939
6408948
6415590
6419059
6444782
6455849
6458440
6494805
6532008
6574185
6645883
6629186
6662962
6622525
6677392
6711131
6783613
6789949
6792095
6784383
6822598
6859862
6902288
6968551
7036609
7053229
7056040
7120642
7170881
7231193
7294459
7351112
7428903
7471635
7551552
7590294
7648570
7666653
7791184
7846556
7861590
7931149
7977460
8060927
8070348
8128954
8129914
8237015
8326277
8398852
8462979
8570350
8585918
8678223
8780045
8746700
8826599
8942058
8999438
9081015
9192861
9266516
9336281
9384869
9500117
9628045
9639818
9729928
9773261
9825362
9818470
10017506
10035463
10052879
10098445
10156283
10218433
10272565
0
10377202
10471421
10505739
10542909
10586511
10617190
10716672
2595471
2511216
2469253
2482978
0
0
2388413
2374558
2344901
2354364
2330135
2353834
2339337
2331141
2311623
2279030
2252985
2245039
2214036
2219877
2249775
2194999
2175891
2175417
2142536
2109837
2140229
2122545
2143262
2118715
2124861
2124487
0
2103062
2115134
2133801
2107000
2102809
2076942
2101538
2096973
2060199
2055876
2033995
2049393
0
2044267
2019215
1991618
0
1993260
0
1914075
1897440
1894007
1848392
1871064
1901297
1840054
1801263
1785779
1750174
1755549
1723737
1716569
1697123
1680949
1688048
1650102
1609473
1588874
1568000
1573404
1536378
1506182
1470107
1456098
1408409
1385513
1368659
1332264
1332252
1332971
1327831
1293421
1291825
1276496
1231478
1244113
1199852
1193588
1140416
1115563
1093922
1068261
1006238
979063
973284
920806
938618
880879
862811
825539
789644
0
0
0
0
0
0
0
0
0
0
0
0
0
0
0
0
0
0
0
0
0
0
0
0
0
0
0
0
0
5732410
5693655
5690907
5634280
5696047
5671643
5637624
5620583
5668062
5676716
5748369
5701558
5676372
5694359
5697114
5693096
5713548
5712119
5753139
5745640
5698141
5704235
5692360
5707051
5727972
5733336
5722146
5722016
5732186
5719890
5734503
5775008
5762150
5759674
5726110
5715849
5707212
5722201
5709136
5727107
5722099
5726242
5730762
5739416
5736890
5734760
5732486
5733336
5767801
5775177
5772567
5781648
5749842
5751242
5762919
5788357
5784672
5780728
5774873
5785319
5778514
5775954
5780848
5780710
5770352
5773512
5768261
5769848
5761995
5776300
5780526
5740841
5771751
5774025
5776096
5777346
5774830
5773792
5780327
5779030
5740455
5741857
5743788
5790177
5749559
5750777
5752578
5741594
5737730
5742044
5743600
5742799
5742380
5738200
5738153
5748917
5774313
5714585
5740686
5735256
5736920
5731227
5735837
5746617
5746510
5750591
5743163
5741041
5762365
5750101
5747328
5744867
5782328
5787764
5786261
5792497
5799038
5787082
5790008
5757524
5760153
5753258
5780424
5792174
5789178
5773173
5805069
5798576
5768364
5769348
5782514
5784585
5813767
5839957
5833915
5843044
5841981
5841247
5837052
5847148
5841117
5842002
5837722
5831781
5849581
5857146
5814644
5860921
5823062
5837067
5846054
5842054
5833374
5834692
5833959
5826786
5824964
5832641
5816561
5827219
5818705
5814980
5810654
5823745
5814237
5827439
5811676
5802984
5812828
5785474
5818415
5827078
5815499
5820815
5816274
5820146
5813949
5789040
5780860
5772650
5776394
5764193
5768650
5770406
5814317
5787848
5805229
5801097
5792609
5799098
5793601
5767144
5773366
5808882
5806945
5816526
5798505
5798247
5801719
5788841
5788060
5789150
5782732
5781636
5784377
5787153
5735813
5741813
5755572
5754923
5753979
5759723
5758374
5758386
5846923
5849997
5836907
5838132
5837336
5810832
5805015
5803547
5800510
5804340
5803507
5811409
5802830
5803192
5841768
5846943
5840686
5838920
5831094
5832663
5832587
5849035
5848910
5861035
5851137
5858869
5856882
5842640
5851040
5863682
5845026
5846255
5785763
5813882
5884924
5906714
5921462
5969058
5982403
6052848
6026700
6102868
6132597
6097378
6131714
6121632
6151243
6190681
6230128
6243596
6279216
6290283
6287207
6333459
6306079
6371964
6402181
6483808
6526938
6519669
6525809
6577623
6601215
6683299
6664333
6712863
6762721
6766914
6768157
6838109
6786189
6878385
6892222
6882507
6938475
6959481
6993169
7018073
6988464
7047249
7066049
7108295
7186151
7232802
7267863
7296826
7311867
7296473
7328548
7408586
7428182
7474443
7485230
7541475
7584177
7726215
7713767
7787724
7861803
7933802
8001697
8052090
8091876
8131072
8165466
8246596
8343928
8418777
8415283
8522088
8555427
8645999
8648201
8771500
8808152
8842158
8955407
9082496
9130385
9244671
9365084
9423131
9487622
9503159
9605085
9638391
9729532
9794648
9820817
9916407
10061756
10020369
10154388
10149631
10282698
10337506
10391444
10409906
10482667
10528962
10657850
10708895
10771004
10865850
10864781
10953767
10997289
11129565
11160332
11290484
11262750
11291362
11318695
11443741
3394772
3471741
3433272
3300626
3261962
3180229
3152298
3105248
3101216
3067674
3080900
3048629
3074042
3079224
3086375
3026510
2992906
3031151
3011572
3045989
2965791
3027533
2971017
2976270
2979370
2995504
2974414
2995966
2965969
2942677
2967305
2968645
2924108
2910448
2904369
2869993
2893176
2859868
2803333
2817902
2804837
2770012
2799643
2821175
2824329
2814738
2772618
2702570
2784133
2745336
2733234
2743364
2729628
2701532
2702912
2719988
2635323
2616481
2623864
2610845
2628623
2534824
2566793
2541602
2510199
2514974
2510384
2454014
2451521
2412965
2447513
2392223
2378963
2339297
2312418
2217674
2186859
2148102
2137632
2110974
2033503
1961927
1966877
1913522
1863154
1837663
1791564
1769310
1709524
1632726
1555942
1530414
1497069
1449508
1432235
1353655
1317303
1284509
1240348
1199009
1172727
1134117
1084526
1046130
1006056
970341
936072
0
0
0
0
0
0
0
0
0
0
0
0
0
0
0
0
0
0
0
0
0
0
0
0
0
0
0
0
0
6056338
6083782
6085995
5989513
6021884
6033389
6051233
6067118
6099303
6141379
6140784
6132229
6127935
6126381
6121669
6128332
6117856
6121290
6086497
6098824
6079828
6054967
6085748
6087078
6093159
6094794
6117535
6119566
6104472
6098582
6105663
6113362
6154032
6216981
6214222
6177867
6161849
6201833
6212000
6207939
6221597
6168126
6209603
6218160
6202193
6214918
6216985
6228032
6227678
6228380
6227307
6228024
6221773
6220576
6220283
6220793
6159797
6163661
6116275
6123631
6115137
6111787
6116554
6123813
6113124
6118467
6117676
6118419
6103973
6106471
6110326
6109947
6099052
6103992
6066095
6068042
6023437
6066665
6082542
6084072
6090098
6089061
6046142
6030743
6031849
6035384
6040082
6044456
6089077
6085361
6132356
6162266
6109461
6058122
6047882
6049184
6055087
6066538
6061425
6089107
6096194
6110337
6055069
6095160
6067246
6105709
6107830
6114615
6110088
6112300
6112210
6105802
6104431
6115306
6103631
6102997
6098845
6125180
6120434
6120774
6131145
6130924
6143343
6139052
6138014
6127655
6115373
6110458
6165996
6174886
6175509
6178886
6236689
6195665
6176210
6175464
6169045
6161888
6161545
6166942
6161840
6154570
6140330
6137783
6175823
6156556
6193271
6225392
6285644
6353813
6373901
6389682
6380374
6386170
6427253
6426836
6451721
6449423
6438528
6494056
6426204
6389494
6429777
6438537
6380454
6369105
6407765
6417532
6479932
6420232
6458310
6406007
6460887
6428013
6355855
6419547
6404648
6395152
6395171
6382208
6372746
6361393
6365746
6369754
6397537
6402595
6384820
6385025
6405435
6393437
6390669
6399170
6393201
6389968
6409306
6404315
6408103
6410490
6398791
6449867
6443770
6443983
6436654
6438238
6433225
6431042
6431245
6442138
6444667
6453727
6438809
6434964
6429109
6429983
6427471
6412784
6414415
6415830
6427692
6419480
6411484
6431663
6431957
6384511
6388447
6391635
6369311
6371914
6378573
6398201
6397912
6389796
6401892
6410027
6398545
6406676
6404222
6411924
6412628
6412085
6418413
6419999
6405767
6451114
6453913
6453550
6464766
6461307
6461401
6461127
6463103
6462608
6471218
6434917
6431955
6428254
6434885
6445341
6441489
6453455
6476229
6456503
6448353
6450392
6437827
6440261
6443156
6435707
6487867
6441518
6434246
6451324
6419421
6417054
6382904
6369720
6375362
6424128
6456912
6409315
6494895
6508280
6498044
6519771
6541016
6619472
6616607
6564552
6653387
6721874
6772184
6753636
6861622
6908193
6892387
6934136
7025427
7068583
7119846
7198396
7251185
7313452
7392912
7458883
7537721
7597659
7581290
7532217
7529072
7590095
7629057
7616769
7688451
7682122
7701094
7792857
7805758
7896640
7992769
7960073
7955395
8007276
8061696
8007077
8077912
8138506
8203135
8284981
8290068
8342387
8328694
8301892
8370141
8391073
8487677
8456671
8487772
8520518
8572409
8608619
8569568
8629455
8671670
8706342
8771601
8900609
8912302
8991542
9021151
8981825
8992167
9084149
9125411
9166893
9270341
9249042
9347841
9357922
9389829
9456827
9497358
9546060
9630836
9672511
9712525
9801367
9824888
9900568
9861980
0
10050830
10082521
10154458
10215576
10313363
10377619
10437589
10501592
10668577
10729870
10841715
11064815
11077135
11089202
11162661
11094891
11246297
11180795
11277315
11316634
11460451
11314626
11398450
11429274
11581980
11666267
11666983
11759438
11792916
11739797
11729537
11660680
11662223
11731575
11819183
11832992
11818640
0
11766019
11873950
11903099
11977435
12003644
4091760
3980111
3952465
3950600
3914712
3810888
3830286
3850657
3853913
3850771
3779471
3755514
3777232
3813670
3780761
3734531
3761897
3744861
3733369
3737203
3731972
3706311
3667687
3655382
3662341
3644839
3639173
3612057
3625467
3614985
3673455
3632824
3614669
3627129
3597974
3536687
3557865
3525125
3538802
3540967
3554429
3502205
3548778
3536071
3539516
3492997
3523919
3480110
3479151
3451352
3470315
3459162
3495991
3449323
3445835
3443232
3419153
3410819
3420572
3350631
3388007
3281517
3277386
3260450
3289002
3259746
3260522
3227386
3221798
3200646
3200039
3144981
3102767
3040895
2991337
2914946
2905016
2810504
2773087
2682361
2627687
0
0
0
0
2564218
2553481
2546900
2526659
2504931
2474514
2417239
2344454
2360816
2236082
2179614
2154003
2091430
2052152
1973810
1958631
1919253
1931769
1930352
1955083
1946613
1929593
1875456
1827498
1809139
1746306
1711086
1658255
1604073
1571411
1515399
1477013
1436381
1404783
1380524
1394553
1394279
1350428
1329346
1271920
0
0
0
0
0
0
0
0
0
0
0
0
0
0
0
0
0
0
0
0
0
0
0
0
0
0
0
0
0
7173049
7179647
7180297
7228512
7196310
7169863
7179825
7179819
7194140
7190978
7196039
7187111
7179193
7172923
7183775
7183652
7191388
7192824
7200317
7200934
7204255
7284236
7291466
7275277
7285975
7264999
7268953
7280536
7284277
7284533
7298222
7290162
7284415
7279857
7301682
7289583
7276173
7214568
7207322
7180631
7237566
7238504
7214247
7260930
7189767
7257533
7194128
7246338
7263409
7238108
7257973
7289253
7280269
7374916
7331741
7337923
7360224
7386236
7391830
7320466
7329213
7346826
7281557
7283553
7279596
7333217
7300100
7321241
7360855
7325920
7332467
7339464
7313625
7334528
7400984
7288940
7338332
7364975
7308178
7274683
7277000
7302667
7307629
7298423
7257990
7273453
7292169
7232268
7242351
7272940
7241587
7300590
7283009
7204000
7201208
7215323
7278087
7237998
7261972
7271192
7188058
7262858
7222350
7166705
7257742
7231952
7238080
7196415
7172555
7168701
7146615
7191711
7115924
7200986
7143887
7155718
7150788
7126020
7166312
7052561
7046986
7084412
6974981
7046855
7037323
7020035
6958161
6955149
6975504
6973921
6992191
6954270
6964472
7018237
6977415
6979018
6955853
6926750
7002197
6954016
6965618
6893653
6864477
6940214
6838220
6828638
6856366
6836238
6858656
6874399
6891140
6800670
6849062
6784209
6894099
6826622
6790551
6782444
6785783
6765466
6790087
6716143
6729761
6686198
6700223
6698081
6683195
6674292
6749134
6737597
6667143
6676734
6594632
6592444
6591423
6599608
6535250
6619333
6517267
6545478
6588403
6544259
6518156
6485766
6462720
6379613
6313397
6191822
6109866
6050746
6038315
5928943
5853753
5857227
5859914
5748294
5646638
5623930
5540157
5565057
5405323
5408197
5381930
5293027
5256169
5160265
5173215
5103747
5051066
4972848
4996682
4921259
4850958
4806781
0
0
4657108
4605001
4618283
4558023
4550937
4501187
4493766
4434455
4397831
4416184
4353343
4317136
4251549
4249658
4147129
4063958
3991658
3975265
3978708
3891286
3839396
3793707
3772460
3699760
3669660
3585075
3497096
3407346
3417329
3336032
3277879
3267344
3192307
3179277
3068358
3057803
2934247
2867767
2825025
2718104
2686407
2538656
0
0
0
0
0
0
0
0
0
0
0
0
0
0
0
0
0
0
0
0
0
0
0
0
0
0
0
0
0
0
0
0
0
0
0
0
0
0
0
0
0
0
0
0
0
0
0
0
0
0
0
0
0
0
0
0
0
0
0
0
0
0
0
0
0
0
0
0
0
0
0
0
0
0
0
0
0
0
0
0
0
0
0
0
0
0
0
0
0
0
0
0
0
0
0
0
0
0
0
0
0
0
0
0
0
0
0
0
0
0
0
0
0
0
0
0
0
0
0
0
0
0
0
0
0
0
0
0
0
0
0
0
0
0
0
0
0
0
0
0
0
0
0
0
0
0
0
0
0
0
0
0
0
0
0
0
0
0
0
0
0
0
0
0
0
0
3296303
0
3672362
3637461
0
0
0
0
0
0
0
0
